"","A","R","N","D","C","E","Q","G","H","I","L","K","M","F","P","S","T","W","Y","V","solubility"
"1",0.0447761194029851,0.0447761194029851,0.0149253731343284,0.0149253731343284,0.0298507462686567,0.0149253731343284,0,0.0298507462686567,0.0149253731343284,0.0746268656716418,0.194029850746269,0,0.0149253731343284,0.149253731343284,0.0746268656716418,0.0597014925373134,0.0298507462686567,0.0298507462686567,0.0447761194029851,0.119402985074627,0.34
"2",0.0764951321279555,0.0709318497913769,0.0180806675938804,0.0417246175243394,0.00556328233657858,0.062586926286509,0.0375521557719054,0.0764951321279555,0.0222531293463143,0.0542420027816412,0.108484005563282,0.0528511821974965,0.0319888734353268,0.0500695410292072,0.0570236439499305,0.0458970792767733,0.0611961057023644,0.0111265646731572,0.0305980528511822,0.0848400556328234,0.07
"3",0.0641025641025641,0.0854700854700855,0.0341880341880342,0.0341880341880342,0.0256410256410256,0.0726495726495727,0.0299145299145299,0.0897435897435897,0.0384615384615385,0.0427350427350427,0.111111111111111,0.0170940170940171,0.0341880341880342,0.047008547008547,0.0641025641025641,0.0726495726495727,0.0256410256410256,0.0299145299145299,0.0299145299145299,0.0512820512820513,0.08
"4",0.151376146788991,0.0527522935779817,0.0275229357798165,0.0481651376146789,0.00688073394495413,0.0596330275229358,0.0596330275229358,0.0986238532110092,0.0435779816513761,0.0275229357798165,0.073394495412844,0.0160550458715596,0.0298165137614679,0.0458715596330275,0.0321100917431193,0.0527522935779817,0.0596330275229358,0.0137614678899083,0.0160550458715596,0.0848623853211009,0.31
"5",0.130977130977131,0.0395010395010395,0.0498960498960499,0.0415800415800416,0.0187110187110187,0.0623700623700624,0.0540540540540541,0.0769230769230769,0.0332640332640333,0.0457380457380457,0.0769230769230769,0.0311850311850312,0.0187110187110187,0.0436590436590437,0.0436590436590437,0.051975051975052,0.079002079002079,0.0166320166320166,0.0249480249480249,0.0602910602910603,0.49
"6",0.076158940397351,0.0662251655629139,0.0132450331125828,0.033112582781457,0.0165562913907285,0.0662251655629139,0.0960264900662252,0.0662251655629139,0.0264900662251656,0.0662251655629139,0.105960264900662,0.0364238410596026,0.033112582781457,0.0463576158940397,0.0463576158940397,0.0827814569536424,0.0397350993377483,0.0033112582781457,0.033112582781457,0.0463576158940397,0.03
"7",0.115987460815047,0.0783699059561129,0.0219435736677116,0.0658307210031348,0.00626959247648903,0.0783699059561129,0.0344827586206897,0.0815047021943574,0.0125391849529781,0.0752351097178683,0.103448275862069,0.0532915360501567,0.0344827586206897,0.0250783699059561,0.0501567398119122,0.0501567398119122,0.0282131661442006,0.00626959247648903,0.0313479623824451,0.0470219435736677,0.29
"8",0.134615384615385,0.032051282051282,0.0192307692307692,0.032051282051282,0.00641025641025641,0.108974358974359,0.0512820512820513,0.0512820512820513,0.00641025641025641,0.0833333333333333,0.0384615384615385,0.0512820512820513,0.0576923076923077,0.0256410256410256,0.0769230769230769,0.0833333333333333,0.032051282051282,0,0.0128205128205128,0.0961538461538462,0.95
"9",0.10022271714922,0.0645879732739421,0.0400890868596882,0.0467706013363029,0.0178173719376392,0.0779510022271715,0.0311804008908686,0.0957683741648107,0.0267260579064588,0.0957683741648107,0.0623608017817372,0.0556792873051225,0.0311804008908686,0.0311804008908686,0.0467706013363029,0.0400890868596882,0.0334075723830735,0.0022271714922049,0.0334075723830735,0.066815144766147,0.3
"10",0.101973684210526,0.0657894736842105,0.0230263157894737,0.0394736842105263,0.0197368421052632,0.0855263157894737,0.0296052631578947,0.0723684210526316,0.00986842105263158,0.0427631578947368,0.0986842105263158,0.0625,0.0559210526315789,0.0328947368421053,0.0690789473684211,0.0657894736842105,0.0328947368421053,0.00657894736842105,0.0131578947368421,0.0723684210526316,0.62
"11",0.129032258064516,0.0368663594470046,0.0276497695852535,0.0529953917050691,0.0115207373271889,0.0622119815668203,0.0668202764976959,0.0806451612903226,0.0184331797235023,0.0460829493087558,0.076036866359447,0.0483870967741935,0.0230414746543779,0.043778801843318,0.0391705069124424,0.0576036866359447,0.0622119815668203,0.0184331797235023,0.0391705069124424,0.0599078341013825,0.43
"12",0.0975609756097561,0.0581613508442777,0.0469043151969981,0.0637898686679174,0.00938086303939963,0.0712945590994371,0.0469043151969981,0.0600375234521576,0.0225140712945591,0.0675422138836773,0.0938086303939962,0.0487804878048781,0.026266416510319,0.0431519699812383,0.0450281425891182,0.0393996247654784,0.0619136960600375,0.0206378986866792,0.0281425891181989,0.0487804878048781,0.65
"13",0.0811724915445321,0.0552423900789177,0.0428410372040586,0.0586245772266065,0.00676437429537768,0.0800450958286359,0.0462232243517475,0.0890642615558061,0.0259301014656144,0.0642615558060879,0.0789177001127396,0.0541149943630214,0.0248027057497181,0.0383314543404735,0.0405862457722661,0.04847801578354,0.0473506200676437,0.0124013528748591,0.0473506200676437,0.0574971815107103,0.16
"14",0.152380952380952,0.0317460317460317,0.026984126984127,0.0523809523809524,0.00158730158730159,0.0920634920634921,0.0238095238095238,0.080952380952381,0.00793650793650794,0.0714285714285714,0.0523809523809524,0.0841269841269841,0.026984126984127,0.0301587301587302,0.0587301587301587,0.046031746031746,0.0428571428571429,0.00476190476190476,0.00476190476190476,0.107936507936508,0.95
"15",0.0743944636678201,0.0882352941176471,0.0259515570934256,0.0519031141868512,0.013840830449827,0.0830449826989619,0.0484429065743945,0.0501730103806228,0.0363321799307958,0.0570934256055363,0.105536332179931,0.027681660899654,0.0259515570934256,0.0622837370242214,0.0519031141868512,0.0363321799307958,0.0432525951557093,0.0155709342560554,0.0432525951557093,0.0588235294117647,0.11
"16",0.105,0.0375,0.045,0.0475,0.015,0.0725,0.02,0.09,0.0375,0.0625,0.105,0.0575,0.025,0.0325,0.03,0.0625,0.0525,0.0025,0.0325,0.0675,1
"17",0.0864197530864197,0.0572390572390572,0.037037037037037,0.063973063973064,0.00785634118967452,0.0617283950617284,0.0303030303030303,0.0875420875420875,0.0202020202020202,0.0482603815937149,0.0942760942760943,0.0482603815937149,0.0280583613916947,0.0258136924803591,0.0561167227833895,0.0572390572390572,0.0606060606060606,0.0145903479236813,0.0325476992143659,0.0819304152637486,0.41
"18",0.112138728323699,0.0450867052023121,0.0358381502890173,0.0635838150289017,0.0115606936416185,0.0658959537572254,0.0289017341040462,0.0878612716763006,0.0173410404624277,0.0543352601156069,0.101734104046243,0.0566473988439306,0.0265895953757225,0.0335260115606936,0.0624277456647399,0.0416184971098266,0.0543352601156069,0.0092485549132948,0.0242774566473988,0.0670520231213873,0.9
"19",0.150793650793651,0.0873015873015873,0.0396825396825397,0.0396825396825397,0.00793650793650794,0.0793650793650794,0.0158730158730159,0.0714285714285714,0.0317460317460317,0.0714285714285714,0.103174603174603,0.0555555555555556,0.0158730158730159,0.0476190476190476,0.0158730158730159,0.0238095238095238,0.0396825396825397,0.0238095238095238,0.00793650793650794,0.0714285714285714,0.84
"20",0.0871794871794872,0.0615384615384615,0.0256410256410256,0.0461538461538462,0.0153846153846154,0.0666666666666667,0.0461538461538462,0.0615384615384615,0.0307692307692308,0.0564102564102564,0.112820512820513,0.0205128205128205,0.0205128205128205,0.0256410256410256,0.0717948717948718,0.0923076923076923,0.041025641025641,0.041025641025641,0.0153846153846154,0.0615384615384615,0.14
"21",0.118387909319899,0.0428211586901763,0.0428211586901763,0.0554156171284635,0.00251889168765743,0.0428211586901763,0.0906801007556675,0.0806045340050378,0.00251889168765743,0.0503778337531486,0.0856423173803526,0.0579345088161209,0.0100755667506297,0.017632241813602,0.0453400503778338,0.0554156171284635,0.0831234256926952,0.00251889168765743,0.0226700251889169,0.0906801007556675,0.65
"22",0.114285714285714,0.0441558441558442,0.0363636363636364,0.051948051948052,0.0025974025974026,0.0571428571428571,0.0701298701298701,0.0675324675324675,0.0155844155844156,0.0597402597402597,0.0727272727272727,0.0545454545454545,0.0103896103896104,0.0207792207792208,0.0493506493506494,0.0649350649350649,0.0831168831168831,0.0025974025974026,0.025974025974026,0.0961038961038961,0.71
"23",0.0837209302325581,0.0697674418604651,0.0232558139534884,0.0372093023255814,0.0186046511627907,0.106976744186047,0.0511627906976744,0.0418604651162791,0.0232558139534884,0.0697674418604651,0.125581395348837,0.0511627906976744,0.0372093023255814,0.0372093023255814,0.027906976744186,0.0604651162790698,0.0465116279069767,0.013953488372093,0.027906976744186,0.0465116279069767,0.52
"24",0.0889570552147239,0.044478527607362,0.0398773006134969,0.0598159509202454,0.0107361963190184,0.0644171779141104,0.0322085889570552,0.0874233128834356,0.0291411042944785,0.0628834355828221,0.0751533742331288,0.0506134969325153,0.0199386503067485,0.0260736196319018,0.0552147239263804,0.0521472392638037,0.0644171779141104,0.0291411042944785,0.0352760736196319,0.0720858895705521,0.62
"25",0.138418079096045,0.0932203389830508,0.0310734463276836,0.0480225988700565,0.0338983050847458,0.0593220338983051,0.0621468926553672,0.0536723163841808,0.0225988700564972,0.0367231638418079,0.096045197740113,0.0395480225988701,0.0169491525423729,0.0338983050847458,0.0423728813559322,0.0508474576271186,0.0593220338983051,0.0141242937853107,0.0169491525423729,0.0508474576271186,0.32
"26",0.126126126126126,0.0630630630630631,0.024024024024024,0.0510510510510511,0.012012012012012,0.0810810810810811,0.0510510510510511,0.0780780780780781,0.042042042042042,0.0780780780780781,0.105105105105105,0.024024024024024,0.018018018018018,0.036036036036036,0.036036036036036,0.045045045045045,0.048048048048048,0.00900900900900901,0.012012012012012,0.0600600600600601,0.15
"27",0.135802469135802,0.0359147025813693,0.0381593714927048,0.0561167227833895,0.0101010101010101,0.0606060606060606,0.0269360269360269,0.0695847362514029,0.0224466891133558,0.0673400673400673,0.0808080808080808,0.0729517396184063,0.0235690235690236,0.0347923681257015,0.0460157126823793,0.0561167227833895,0.0549943883277217,0.00561167227833894,0.0314253647586981,0.0707070707070707,0.46
"28",0.12202380952381,0.0357142857142857,0.0327380952380952,0.0595238095238095,0.0267857142857143,0.0595238095238095,0.0178571428571429,0.107142857142857,0.0297619047619048,0.0505952380952381,0.0744047619047619,0.0654761904761905,0.0208333333333333,0.0238095238095238,0.0267857142857143,0.0446428571428571,0.0535714285714286,0.00595238095238095,0.0238095238095238,0.119047619047619,0.87
"29",0.0821192052980132,0.0437086092715232,0.0450331125827815,0.0649006622516556,0.0132450331125828,0.0622516556291391,0.0384105960264901,0.0741721854304636,0.033112582781457,0.0450331125827815,0.0781456953642384,0.0384105960264901,0.0370860927152318,0.0423841059602649,0.0516556291390728,0.0609271523178808,0.0609271523178808,0.0185430463576159,0.0410596026490066,0.0688741721854305,0.31
"30",0.0434782608695652,0.0513833992094862,0.0553359683794466,0.0513833992094862,0.0355731225296443,0.0434782608695652,0.0355731225296443,0.0158102766798419,0.0276679841897233,0.0711462450592885,0.106719367588933,0.0592885375494071,0.0474308300395257,0.0316205533596838,0.0355731225296443,0.114624505928854,0.0553359683794466,0.0118577075098814,0.0355731225296443,0.0711462450592885,0.21
"31",0.088785046728972,0.0607476635514019,0.0186915887850467,0.0794392523364486,0.00467289719626168,0.0841121495327103,0.0373831775700935,0.0934579439252336,0.014018691588785,0.0654205607476635,0.0747663551401869,0.0841121495327103,0.0280373831775701,0.0233644859813084,0.0467289719626168,0.0233644859813084,0.0514018691588785,0,0.0327102803738318,0.088785046728972,1
"32",0.106221547799697,0.0622154779969651,0.0379362670713202,0.0515933232169954,0.0424886191198786,0.0652503793626707,0.047040971168437,0.0819423368740516,0.0409711684370258,0.0500758725341426,0.0667678300455235,0.0409711684370258,0.0257966616084977,0.0288315629742033,0.0515933232169954,0.0440060698027314,0.047040971168437,0.0106221547799697,0.0136570561456753,0.0849772382397572,0.21
"33",0.124505928853755,0.0553359683794466,0.0494071146245059,0.0474308300395257,0.00592885375494071,0.0494071146245059,0.0592885375494071,0.0553359683794466,0.0276679841897233,0.0494071146245059,0.0909090909090909,0.0434782608695652,0.033596837944664,0.0158102766798419,0.0237154150197628,0.0731225296442688,0.075098814229249,0.0158102766798419,0.0138339920948617,0.0909090909090909,0.31
"34",0.100313479623824,0.0564263322884013,0.0250783699059561,0.0658307210031348,0.0250783699059561,0.0532915360501567,0.0595611285266458,0.0658307210031348,0.0188087774294671,0.0376175548589342,0.122257053291536,0.0250783699059561,0.0313479623824451,0.0438871473354232,0.0595611285266458,0.0407523510971787,0.0595611285266458,0.0156739811912226,0.0564263322884013,0.0376175548589342,0.34
"35",0.0632183908045977,0.0632183908045977,0.0316091954022989,0.0574712643678161,0.00862068965517241,0.0603448275862069,0.0689655172413793,0.0833333333333333,0.0258620689655172,0.0545977011494253,0.100574712643678,0.0344827586206897,0.0402298850574713,0.0459770114942529,0.0459770114942529,0.0517241379310345,0.0459770114942529,0.0028735632183908,0.0344827586206897,0.0804597701149425,0.42
"36",0.0316455696202532,0.0443037974683544,0.0506329113924051,0.0886075949367089,0.00632911392405063,0.0316455696202532,0.069620253164557,0.0822784810126582,0.0189873417721519,0.10126582278481,0.069620253164557,0.069620253164557,0.0189873417721519,0.0443037974683544,0.0316455696202532,0.0316455696202532,0.0759493670886076,0.00632911392405063,0.0126582278481013,0.113924050632911,0.8
"37",0.134831460674157,0.0149812734082397,0.0224719101123595,0.0224719101123595,0.0149812734082397,0.0337078651685393,0.0449438202247191,0.0898876404494382,0.00749063670411985,0.0674157303370786,0.138576779026217,0.0299625468164794,0.0337078651685393,0.0749063670411985,0.0449438202247191,0.0411985018726592,0.0636704119850187,0.0149812734082397,0.0337078651685393,0.0711610486891386,0.02
"38",0.0760456273764259,0.0304182509505703,0.0380228136882129,0.0380228136882129,0.00760456273764259,0.026615969581749,0.0228136882129278,0.0874524714828897,0.0190114068441065,0.0988593155893536,0.121673003802281,0.0570342205323194,0.0380228136882129,0.0760456273764259,0.0342205323193916,0.0684410646387833,0.0456273764258555,0.0114068441064639,0.0304182509505703,0.0722433460076046,0.05
"39",0.0677290836653386,0.047808764940239,0.0358565737051793,0.0358565737051793,0.0239043824701195,0.0756972111553785,0.0637450199203187,0.0717131474103586,0.0318725099601594,0.051792828685259,0.151394422310757,0.0398406374501992,0.0119521912350598,0.0278884462151394,0.0398406374501992,0.051792828685259,0.0836653386454183,0.00796812749003984,0.0159362549800797,0.0637450199203187,0.82
"40",0.0817843866171004,0.0780669144981413,0.0408921933085502,0.0631970260223048,0.00743494423791822,0.0780669144981413,0.0483271375464684,0.0743494423791822,0.0223048327137546,0.0706319702602231,0.0892193308550186,0.033457249070632,0.033457249070632,0.0223048327137546,0.0148698884758364,0.0780669144981413,0.0631970260223048,0,0.0148698884758364,0.0855018587360595,0.81
"41",0.122395833333333,0.0494791666666667,0.046875,0.046875,0.0130208333333333,0.0494791666666667,0.0338541666666667,0.0598958333333333,0.0286458333333333,0.0598958333333333,0.0989583333333333,0.015625,0.0260416666666667,0.046875,0.0625,0.0729166666666667,0.0703125,0.0130208333333333,0.0260416666666667,0.0572916666666667,0.71
"42",0.101910828025478,0.0382165605095541,0.0636942675159236,0.0636942675159236,0.0127388535031847,0.0445859872611465,0.0573248407643312,0.0764331210191083,0.0191082802547771,0.0636942675159236,0.0955414012738854,0.0509554140127389,0.0254777070063694,0.0382165605095541,0.0382165605095541,0.0127388535031847,0.0382165605095541,0.0127388535031847,0.00636942675159236,0.140127388535032,0.77
"43",0.0920096852300242,0.026634382566586,0.0435835351089588,0.0581113801452785,0.0145278450363196,0.0532687651331719,0.0726392251815981,0.0605326876513317,0.0169491525423729,0.0338983050847458,0.0920096852300242,0.0653753026634383,0.0290556900726392,0.0314769975786925,0.0581113801452785,0.0653753026634383,0.0556900726392252,0.0145278450363196,0.0387409200968523,0.0774818401937046,0.62
"44",0.101604278074866,0.0320855614973262,0.0267379679144385,0.0748663101604278,0.0106951871657754,0.0802139037433155,0.0267379679144385,0.0695187165775401,0.0267379679144385,0.0695187165775401,0.0588235294117647,0.0748663101604278,0.0160427807486631,0.0588235294117647,0.0427807486631016,0.0481283422459893,0.0748663101604278,0.0160427807486631,0.0267379679144385,0.0641711229946524,0.9
"45",0.0959692898272553,0.0403071017274472,0.0422264875239923,0.0595009596928983,0.0115163147792706,0.0710172744721689,0.0326295585412668,0.0940499040307102,0.0191938579654511,0.072936660268714,0.09021113243762,0.0671785028790787,0.017274472168906,0.0287907869481766,0.036468330134357,0.0518234165067179,0.0614203454894434,0.00575815738963532,0.0230326295585413,0.0786948176583493,0.76
"46",0.0979667282809612,0.0831792975970425,0.0314232902033272,0.0462107208872458,0.022181146025878,0.0573012939001848,0.0573012939001848,0.0850277264325323,0.0277264325323475,0.0295748613678373,0.136783733826248,0.0240295748613678,0.0388170055452865,0.0425138632162662,0.0425138632162662,0.0480591497227357,0.0369685767097967,0.0203327171903882,0.0184842883548983,0.0536044362292052,0.02
"47",0.095,0.05,0.045,0.075,0.025,0.025,0.035,0.055,0.035,0.065,0.105,0.085,0.01,0.04,0.025,0.07,0.065,0.01,0.03,0.055,0.5
"48",0.103881278538813,0.0627853881278539,0.0376712328767123,0.069634703196347,0.00684931506849315,0.0730593607305936,0.0399543378995434,0.091324200913242,0.0251141552511416,0.0468036529680365,0.0867579908675799,0.0536529680365297,0.023972602739726,0.0410958904109589,0.0251141552511416,0.0570776255707763,0.0479452054794521,0.0091324200913242,0.0205479452054795,0.0776255707762557,0.58
"49",0.123173277661795,0.0521920668058455,0.0417536534446764,0.0459290187891441,0.00626304801670146,0.081419624217119,0.0417536534446764,0.0876826722338205,0.0104384133611691,0.0751565762004175,0.0688935281837161,0.0459290187891441,0.0313152400835073,0.0354906054279749,0.0438413361169102,0.0417536534446764,0.0396659707724426,0.0146137787056367,0.0292275574112735,0.0835073068893528,0.53
"50",0.141843971631206,0.0709219858156028,0.0212765957446809,0.0460992907801418,0.0141843971631206,0.0460992907801418,0.049645390070922,0.0709219858156028,0.0141843971631206,0.0425531914893617,0.117021276595745,0.0283687943262411,0.0283687943262411,0.0319148936170213,0.0709219858156028,0.0319148936170213,0.0460992907801418,0.0319148936170213,0.0425531914893617,0.0531914893617021,0.2
"51",0.101851851851852,0.0601851851851852,0.037037037037037,0.0601851851851852,0.0185185185185185,0.0324074074074074,0.0601851851851852,0.0787037037037037,0.0324074074074074,0.0416666666666667,0.106481481481481,0.037037037037037,0.0231481481481481,0.0509259259259259,0.0833333333333333,0.0416666666666667,0.0416666666666667,0.0185185185185185,0.0324074074074074,0.0416666666666667,0.18
"52",0.0625,0.05,0.05,0.06875,0.01875,0.075,0.0625,0.05625,0.04375,0.0625,0.1125,0.01875,0.0125,0.05625,0.05,0.0375,0.05,0.0125,0.01875,0.08125,0.96
"53",0.0838852097130243,0.0485651214128035,0.0286975717439294,0.0728476821192053,0.0264900662251656,0.0706401766004415,0.0419426048565121,0.0971302428256071,0.0264900662251656,0.0640176600441501,0.0728476821192053,0.0573951434878587,0.0286975717439294,0.0397350993377483,0.0419426048565121,0.0419426048565121,0.0441501103752759,0.00883002207505519,0.0198675496688742,0.0838852097130243,1
"54",0.0802919708029197,0.0559610705596107,0.0510948905109489,0.0559610705596107,0.0194647201946472,0.0681265206812652,0.0413625304136253,0.0802919708029197,0.0218978102189781,0.0535279805352798,0.0827250608272506,0.0364963503649635,0.0340632603406326,0.0413625304136253,0.0510948905109489,0.0413625304136253,0.0705596107055961,0.0170316301703163,0.024330900243309,0.072992700729927,0.25
"55",0.114613180515759,0.0458452722063037,0.0401146131805158,0.0487106017191977,0.00859598853868195,0.0544412607449857,0.0544412607449857,0.0916905444126074,0.0315186246418338,0.0630372492836676,0.0716332378223496,0.0343839541547278,0.0372492836676218,0.0372492836676218,0.0487106017191977,0.0573065902578797,0.0458452722063037,0.00573065902578797,0.0401146131805158,0.0687679083094556,0.26
"56",0.0922509225092251,0.0627306273062731,0.025830258302583,0.0479704797047971,0.011070110701107,0.0590405904059041,0.0479704797047971,0.0885608856088561,0.018450184501845,0.0516605166051661,0.136531365313653,0.029520295202952,0.025830258302583,0.022140221402214,0.040590405904059,0.0811808118081181,0.0479704797047971,0.00738007380073801,0.022140221402214,0.0811808118081181,0.2
"57",0.0857142857142857,0.1,0.0428571428571429,0.0428571428571429,0.0142857142857143,0.0428571428571429,0.0285714285714286,0.0428571428571429,0,0.0857142857142857,0.0857142857142857,0.0857142857142857,0.0428571428571429,0.0142857142857143,0.0571428571428571,0.0571428571428571,0.0428571428571429,0.0428571428571429,0.0285714285714286,0.0571428571428571,0.86
"58",0.11142061281337,0.0752089136490251,0.0222841225626741,0.0473537604456825,0.0139275766016713,0.0668523676880223,0.0362116991643454,0.0891364902506964,0.0278551532033426,0.0417827298050139,0.0947075208913649,0.0334261838440111,0.0278551532033426,0.0278551532033426,0.0584958217270195,0.0445682451253482,0.052924791086351,0.0139275766016713,0.0222841225626741,0.0919220055710306,0.46
"59",0.0607843137254902,0.0607843137254902,0.0509803921568627,0.0549019607843137,0.0215686274509804,0.0705882352941176,0.0274509803921569,0.0764705882352941,0.0196078431372549,0.0882352941176471,0.0980392156862745,0.0647058823529412,0.0411764705882353,0.0254901960784314,0.0235294117647059,0.0666666666666667,0.0450980392156863,0.00588235294117647,0.0215686274509804,0.0764705882352941,0.18
"60",0.138263665594855,0.0192926045016077,0.0546623794212219,0.0610932475884244,0.00321543408360129,0.0514469453376206,0.0321543408360129,0.0868167202572347,0,0.0546623794212219,0.0803858520900322,0.0932475884244373,0.0321543408360129,0.0353697749196141,0.0321543408360129,0.0546623794212219,0.0482315112540193,0.00964630225080386,0.0192926045016077,0.0932475884244373,0.53
"61",0.0995670995670996,0.0346320346320346,0.025974025974026,0.0692640692640693,0.012987012987013,0.0735930735930736,0.038961038961039,0.0476190476190476,0.038961038961039,0.0822510822510823,0.0865800865800866,0.0649350649350649,0.0476190476190476,0.051948051948052,0.051948051948052,0.0346320346320346,0.051948051948052,0.00865800865800866,0.025974025974026,0.051948051948052,0.76
"62",0.113268608414239,0.0614886731391586,0.0485436893203883,0.0453074433656958,0.029126213592233,0.0485436893203883,0.0485436893203883,0.0809061488673139,0.0323624595469256,0.0388349514563107,0.106796116504854,0.0258899676375405,0.0355987055016181,0.0420711974110032,0.058252427184466,0.0355987055016181,0.0517799352750809,0.0129449838187702,0.0161812297734628,0.0679611650485437,0.31
"63",0.107266435986159,0.055363321799308,0.0380622837370242,0.0484429065743945,0,0.041522491349481,0.027681660899654,0.0726643598615917,0.0449826989619377,0.055363321799308,0.0968858131487889,0.100346020761246,0.013840830449827,0.0380622837370242,0.0311418685121107,0.0865051903114187,0.0622837370242214,0.00346020761245675,0.0103806228373702,0.0657439446366782,0.37
"64",0.101123595505618,0.0674157303370786,0.0561797752808989,0.0539325842696629,0.00224719101123596,0.0359550561797753,0.0539325842696629,0.0719101123595506,0.0179775280898876,0.0539325842696629,0.0853932584269663,0.0359550561797753,0.0157303370786517,0.0247191011235955,0.0651685393258427,0.0786516853932584,0.0741573033707865,0.00674157303370787,0.0202247191011236,0.0786516853932584,0.31
"65",0.11031175059952,0.0599520383693046,0.0359712230215827,0.0575539568345324,0,0.0455635491606715,0.0647482014388489,0.0647482014388489,0.00959232613908873,0.0455635491606715,0.0911270983213429,0.0719424460431655,0.026378896882494,0.0383693045563549,0.0431654676258993,0.0743405275779376,0.0407673860911271,0.00479616306954436,0.0215827338129496,0.0935251798561151,0.33
"66",0.0867768595041322,0.0702479338842975,0.0309917355371901,0.0619834710743802,0.0103305785123967,0.0537190082644628,0.0371900826446281,0.0723140495867769,0.0330578512396694,0.0578512396694215,0.101239669421488,0.0247933884297521,0.0103305785123967,0.0351239669421488,0.0619834710743802,0.0619834710743802,0.0764462809917355,0.0144628099173554,0.0454545454545455,0.0537190082644628,0.37
"67",0.106100795755968,0.0291777188328912,0.0424403183023873,0.0371352785145889,0.00530503978779841,0.0397877984084881,0.0663129973474801,0.0769230769230769,0.013262599469496,0.0610079575596817,0.0901856763925729,0.0583554376657825,0.0185676392572944,0.0291777188328912,0.0689655172413793,0.0530503978779841,0.0716180371352785,0.0344827586206897,0.0397877984084881,0.0583554376657825,0.26
"68",0.092896174863388,0.0710382513661202,0.0163934426229508,0.087431693989071,0.0273224043715847,0.0491803278688525,0.0437158469945355,0.0710382513661202,0.0382513661202186,0.0601092896174863,0.0765027322404372,0.0218579234972678,0.0109289617486339,0.0437158469945355,0.0765027322404372,0.0327868852459016,0.0655737704918033,0.0218579234972678,0.0327868852459016,0.0601092896174863,0.6
"69",0.102112676056338,0.0633802816901408,0.0140845070422535,0.0246478873239437,0.00704225352112676,0.0352112676056338,0.0316901408450704,0.073943661971831,0.0457746478873239,0.0422535211267606,0.165492957746479,0.028169014084507,0.0246478873239437,0.0563380281690141,0.0316901408450704,0.0316901408450704,0.0633802816901408,0.0316901408450704,0.0352112676056338,0.0915492957746479,0.03
"70",0.0987012987012987,0.0597402597402597,0.038961038961039,0.0467532467532468,0.00779220779220779,0.0285714285714286,0.0493506493506494,0.0857142857142857,0.0103896103896104,0.0441558441558442,0.0883116883116883,0.0441558441558442,0.038961038961039,0.0311688311688312,0.0701298701298701,0.0701298701298701,0.0727272727272727,0.0103896103896104,0.038961038961039,0.0649350649350649,0.41
"71",0.0686868686868687,0.0404040404040404,0.0424242424242424,0.0888888888888889,0.0141414141414141,0.0808080808080808,0.0444444444444444,0.0808080808080808,0.0282828282828283,0.0606060606060606,0.0686868686868687,0.0404040404040404,0.0222222222222222,0.0565656565656566,0.0464646464646465,0.0282828282828283,0.0444444444444444,0.0282828282828283,0.0444444444444444,0.0707070707070707,0.69
"72",0.0857988165680473,0.0443786982248521,0.0502958579881657,0.0532544378698225,0.0029585798816568,0.0532544378698225,0.0473372781065089,0.0828402366863905,0.0355029585798817,0.0650887573964497,0.100591715976331,0.029585798816568,0.0355029585798817,0.029585798816568,0.0650887573964497,0.0473372781065089,0.0680473372781065,0.0029585798816568,0.0414201183431953,0.0591715976331361,0.86
"73",0.109195402298851,0.0229885057471264,0.0660919540229885,0.0775862068965517,0.00574712643678161,0.0201149425287356,0.0373563218390805,0.0862068965517241,0.00862068965517241,0.0373563218390805,0.0747126436781609,0.0689655172413793,0.0229885057471264,0.0316091954022989,0.0373563218390805,0.0488505747126437,0.100574712643678,0.0028735632183908,0.0344827586206897,0.10632183908046,0.49
"74",0.048,0.056,0.048,0.024,0.008,0.08,0.064,0.096,0.016,0.096,0.064,0,0.024,0.024,0.072,0.048,0.064,0.008,0.056,0.104,0.67
"75",0.0857142857142857,0.0535714285714286,0.0285714285714286,0.0714285714285714,0.0214285714285714,0.0642857142857143,0.025,0.0821428571428571,0.025,0.0321428571428571,0.132142857142857,0.0464285714285714,0.0214285714285714,0.0392857142857143,0.0678571428571429,0.05,0.0464285714285714,0.0285714285714286,0.0321428571428571,0.0464285714285714,0.27
"76",0.0925925925925926,0.0509259259259259,0.037037037037037,0.0439814814814815,0.0185185185185185,0.0486111111111111,0.0694444444444444,0.0671296296296296,0.0185185185185185,0.0393518518518519,0.134259259259259,0.0347222222222222,0.0138888888888889,0.0300925925925926,0.0740740740740741,0.0648148148148148,0.0787037037037037,0.0185185185185185,0.00925925925925926,0.0555555555555556,0.66
"77",0.0765027322404372,0.0437158469945355,0.0163934426229508,0.0655737704918033,0,0.0655737704918033,0.0327868852459016,0.103825136612022,0.0109289617486339,0.0710382513661202,0.12568306010929,0.0655737704918033,0.00546448087431694,0.0382513661202186,0.0546448087431694,0.0382513661202186,0.0655737704918033,0,0.0382513661202186,0.0819672131147541,0.89
"78",0.086,0.048,0.044,0.066,0.014,0.048,0.052,0.078,0.042,0.048,0.096,0.046,0.034,0.046,0.038,0.034,0.066,0.022,0.022,0.07,0.08
"79",0.139575971731449,0.0459363957597173,0.0318021201413428,0.0530035335689046,0.0265017667844523,0.0512367491166078,0.0600706713780919,0.0759717314487632,0.0229681978798587,0.0547703180212014,0.0865724381625442,0.0282685512367491,0.0159010600706714,0.0335689045936396,0.0565371024734982,0.0583038869257951,0.0459363957597173,0.0282685512367491,0.0159010600706714,0.068904593639576,0.3
"80",0.0719178082191781,0.0753424657534247,0.0479452054794521,0.0479452054794521,0.0171232876712329,0.0616438356164384,0.0513698630136986,0.0719178082191781,0.0410958904109589,0.0547945205479452,0.106164383561644,0.023972602739726,0.0171232876712329,0.0582191780821918,0.0582191780821918,0.0650684931506849,0.023972602739726,0.0205479452054795,0.0342465753424658,0.0513698630136986,0.28
"81",0.0909090909090909,0.0346320346320346,0.0303030303030303,0.051948051948052,0.00865800865800866,0.0649350649350649,0.0476190476190476,0.0822510822510823,0.0476190476190476,0.051948051948052,0.0692640692640693,0.0476190476190476,0.0303030303030303,0.025974025974026,0.0476190476190476,0.0432900432900433,0.0779220779220779,0.0173160173160173,0.038961038961039,0.0909090909090909,0.81
"82",0.115501519756839,0.0243161094224924,0.0303951367781155,0.0638297872340425,0.00303951367781155,0.0638297872340425,0.0364741641337386,0.0911854103343465,0.0121580547112462,0.0516717325227964,0.0699088145896656,0.0972644376899696,0.0395136778115502,0.0395136778115502,0.0455927051671733,0.0486322188449848,0.0516717325227964,0.0151975683890578,0.0182370820668693,0.0820668693009119,0.87
"83",0.0932539682539683,0.0555555555555556,0.0376984126984127,0.0515873015873016,0.00595238095238095,0.0634920634920635,0.0476190476190476,0.0952380952380952,0.0257936507936508,0.0833333333333333,0.0952380952380952,0.0436507936507936,0.0337301587301587,0.0238095238095238,0.0376984126984127,0.0575396825396825,0.0376984126984127,0.00793650793650794,0.0277777777777778,0.0753968253968254,0.38
"84",0.046218487394958,0.0840336134453782,0.0504201680672269,0.0672268907563025,0.00840336134453781,0.105042016806723,0.0210084033613445,0.0672268907563025,0.0252100840336134,0.0798319327731092,0.109243697478992,0.046218487394958,0.0294117647058824,0.0378151260504202,0.0420168067226891,0.046218487394958,0.0630252100840336,0.00420168067226891,0.0252100840336134,0.0420168067226891,0.9
"85",0.0767494356659142,0.0699774266365688,0.036117381489842,0.0519187358916479,0.0135440180586907,0.0767494356659142,0.0519187358916479,0.0767494356659142,0.0316027088036117,0.0835214446952596,0.0970654627539503,0.0428893905191874,0.0203160270880361,0.0316027088036117,0.0293453724604966,0.0654627539503386,0.0474040632054176,0.00225733634311512,0.0225733634311512,0.072234762979684,0.58
"86",0.116279069767442,0.0348837209302326,0.0426356589147287,0.0581395348837209,0.00387596899224806,0.0503875968992248,0.0426356589147287,0.104651162790698,0.0193798449612403,0.0697674418604651,0.143410852713178,0.0503875968992248,0.0310077519379845,0.0116279069767442,0.0387596899224806,0.0426356589147287,0.0465116279069767,0.00775193798449612,0.00775193798449612,0.0775193798449612,0.81
"87",0.119760479041916,0.0239520958083832,0.0419161676646707,0.0449101796407186,0.0209580838323353,0.0449101796407186,0.0568862275449102,0.0778443113772455,0.0359281437125748,0.0538922155688623,0.11377245508982,0.0359281437125748,0.00898203592814371,0.0419161676646707,0.0538922155688623,0.0479041916167665,0.0508982035928144,0.00598802395209581,0.0359281437125748,0.0838323353293413,0.31
"88",0.125615763546798,0.041871921182266,0.0246305418719212,0.0541871921182266,0.0147783251231527,0.0541871921182266,0.0443349753694581,0.0985221674876847,0.0394088669950739,0.0591133004926108,0.0714285714285714,0.0394088669950739,0.0246305418719212,0.0591133004926108,0.0492610837438424,0.0344827586206897,0.0541871921182266,0.00492610837438424,0.0246305418719212,0.0812807881773399,0.29
"89",0.0835509138381201,0.0469973890339426,0.0417754569190601,0.0600522193211488,0.02088772845953,0.0626631853785901,0.031331592689295,0.0757180156657963,0.0443864229765013,0.0652741514360313,0.114882506527415,0.0365535248041775,0.0182767624020888,0.0365535248041775,0.0731070496083551,0.0339425587467363,0.0704960835509138,0.010443864229765,0.0261096605744125,0.0469973890339426,0.42
"90",0.11377245508982,0.0329341317365269,0.0359281437125748,0.0568862275449102,0.0119760479041916,0.0718562874251497,0.0449101796407186,0.0778443113772455,0.029940119760479,0.029940119760479,0.107784431137725,0.0688622754491018,0.0449101796407186,0.0419161676646707,0.0269461077844311,0.0389221556886228,0.0688622754491018,0.0119760479041916,0.0239520958083832,0.0598802395209581,0.09
"91",0.0782997762863535,0.0604026845637584,0.0447427293064877,0.0604026845637584,0.00671140939597315,0.0760626398210291,0.0380313199105145,0.0961968680089485,0.0223713646532438,0.0604026845637584,0.0961968680089485,0.0425055928411633,0.0380313199105145,0.029082774049217,0.029082774049217,0.0536912751677852,0.0648769574944072,0.0134228187919463,0.0425055928411633,0.0469798657718121,0.19
"92",0.110778443113772,0.0359281437125748,0.0389221556886228,0.0479041916167665,0.0119760479041916,0.0838323353293413,0.0419161676646707,0.0778443113772455,0.0269461077844311,0.0329341317365269,0.107784431137725,0.0658682634730539,0.0389221556886228,0.0389221556886228,0.0269461077844311,0.0449101796407186,0.0658682634730539,0.0119760479041916,0.029940119760479,0.0598802395209581,0.43
"93",0.0936555891238671,0.0785498489425982,0.0302114803625378,0.054380664652568,0.0120845921450151,0.0694864048338369,0.0574018126888218,0.0785498489425982,0.0241691842900302,0.0604229607250755,0.11178247734139,0.0332326283987915,0.027190332326284,0.027190332326284,0.027190332326284,0.054380664652568,0.0634441087613293,0.00906344410876133,0.0211480362537764,0.0664652567975831,0.23
"94",0.137440758293839,0.037914691943128,0.023696682464455,0.018957345971564,0.014218009478673,0.014218009478673,0.0473933649289099,0.0900473933649289,0.014218009478673,0.0710900473933649,0.156398104265403,0.023696682464455,0.042654028436019,0.0663507109004739,0.028436018957346,0.0521327014218009,0.033175355450237,0.042654028436019,0.023696682464455,0.0616113744075829,0.19
"95",0.0841750841750842,0.0740740740740741,0.0202020202020202,0.0538720538720539,0.0168350168350168,0.063973063973064,0.0740740740740741,0.0471380471380471,0.0235690235690236,0.0303030303030303,0.151515151515152,0.037037037037037,0.0235690235690236,0.037037037037037,0.063973063973064,0.0538720538720539,0.0471380471380471,0.0101010101010101,0.0168350168350168,0.0707070707070707,0.17
"96",0.102564102564103,0.032051282051282,0.0384615384615385,0.0576923076923077,0.00641025641025641,0.0769230769230769,0.0448717948717949,0.0641025641025641,0.00641025641025641,0.0576923076923077,0.121794871794872,0.0705128205128205,0.0256410256410256,0.0448717948717949,0.032051282051282,0.0641025641025641,0.0641025641025641,0,0.0192307692307692,0.0705128205128205,0.91
"97",0.114384748700173,0.0554592720970537,0.0329289428076256,0.0623916811091854,0.00693240901213172,0.0831889081455806,0.0467937608318891,0.0675909878682842,0.024263431542461,0.0450606585788562,0.102253032928943,0.0571923743500867,0.0381282495667244,0.0329289428076256,0.0329289428076256,0.0277296360485269,0.0502599653379549,0.00866551126516464,0.0398613518197574,0.0710571923743501,0.24
"98",0.107728337236534,0.0491803278688525,0.0421545667447307,0.0608899297423888,0.0140515222482436,0.0515222482435597,0.0281030444964871,0.0866510538641686,0.0187353629976581,0.0608899297423888,0.112412177985948,0.0398126463700234,0.0327868852459016,0.0304449648711944,0.0421545667447307,0.0515222482435597,0.0796252927400468,0.00468384074941452,0.0304449648711944,0.0562060889929742,0.61
"99",0.107734806629834,0.0552486187845304,0.0303867403314917,0.0414364640883978,0.0138121546961326,0.0662983425414365,0.0331491712707182,0.0939226519337017,0.0193370165745856,0.0441988950276243,0.135359116022099,0.0359116022099447,0.0276243093922652,0.0276243093922652,0.0441988950276243,0.0552486187845304,0.0497237569060773,0.00552486187845304,0.0248618784530387,0.0883977900552486,0.22
"100",0.0858725761772853,0.07202216066482,0.0221606648199446,0.0803324099722992,0.0110803324099723,0.0526315789473684,0.0443213296398892,0.110803324099723,0.0221606648199446,0.0803324099722992,0.07202216066482,0.0443213296398892,0.0249307479224377,0.0304709141274238,0.0470914127423823,0.0498614958448753,0.0581717451523546,0.00554016620498615,0.0193905817174515,0.0664819944598338,0.58
"101",0.134920634920635,0.0396825396825397,0.0158730158730159,0.0714285714285714,0,0.0674603174603175,0.0317460317460317,0.0436507936507936,0.0238095238095238,0.0753968253968254,0.0873015873015873,0.0634920634920635,0.0436507936507936,0.0317460317460317,0.0317460317460317,0.0674603174603175,0.0674603174603175,0.00396825396825397,0.0198412698412698,0.0793650793650794,0.97
"102",0.110294117647059,0.0477941176470588,0.0404411764705882,0.0477941176470588,0.0110294117647059,0.0625,0.0367647058823529,0.0919117647058824,0.0294117647058824,0.0661764705882353,0.128676470588235,0.0294117647058824,0.0183823529411765,0.0514705882352941,0.0477941176470588,0.0625,0.0441176470588235,0.00735294117647059,0.0183823529411765,0.0477941176470588,0.35
"103",0.103932584269663,0.0561797752808989,0.0449438202247191,0.0589887640449438,0.0140449438202247,0.0617977528089888,0.0617977528089888,0.0730337078651685,0.0252808988764045,0.0533707865168539,0.0955056179775281,0.0365168539325843,0.0365168539325843,0.0196629213483146,0.050561797752809,0.0758426966292135,0.0421348314606742,0.00842696629213483,0.0196629213483146,0.0617977528089888,0.63
"104",0.108571428571429,0.0428571428571429,0.0514285714285714,0.0628571428571429,0.02,0.0628571428571429,0.0314285714285714,0.0828571428571429,0.0314285714285714,0.0714285714285714,0.0971428571428571,0.0685714285714286,0.0228571428571429,0.0228571428571429,0.04,0.0514285714285714,0.04,0.0114285714285714,0.0171428571428571,0.0628571428571429,1
"105",0.0804597701149425,0.0775862068965517,0.0373563218390805,0.0574712643678161,0.0201149425287356,0.0632183908045977,0.0459770114942529,0.0747126436781609,0.0316091954022989,0.0689655172413793,0.0919540229885057,0.0344827586206897,0.0258620689655172,0.0258620689655172,0.0402298850574713,0.0574712643678161,0.0747126436781609,0.00862068965517241,0.0258620689655172,0.0574712643678161,0.12
"106",0.103448275862069,0.0689655172413793,0.0459770114942529,0.0344827586206897,0.0172413793103448,0.0977011494252874,0.0517241379310345,0.0574712643678161,0.0114942528735632,0.0689655172413793,0.0977011494252874,0.0114942528735632,0.0229885057471264,0.028735632183908,0.0459770114942529,0.0459770114942529,0.0804597701149425,0.0114942528735632,0.0114942528735632,0.0862068965517241,0.91
"107",0.0666666666666667,0.04,0.0355555555555556,0.0622222222222222,0.00444444444444444,0.0755555555555556,0.0577777777777778,0.0444444444444444,0.0311111111111111,0.08,0.155555555555556,0.0355555555555556,0.0311111111111111,0.0133333333333333,0.0488888888888889,0.0711111111111111,0.0311111111111111,0.00444444444444444,0.0133333333333333,0.0977777777777778,1
